---
build/assets/images/banner-homepage-634ddd5f.jpg: 2019-02-06 22:58:22.673889063 +01:00
build/assets/images/banner-fog-632cf460.jpg: 2019-02-06 22:58:22.647916415 +01:00
build/assets/images/banner-barrels-8d61e452.jpg: 2019-02-06 22:58:22.804157395 +01:00
